910019,1,1073,10000,500000,500000,200000,200000,200000,200000,50000,50000
0,1
910019,2,1073,20000,500000,500000,200000,200000,200000,200000,50000,50000
0,1
910019,3,1073,50000,500000,500000,200000,200000,200000,200000,50000,50000
0,1
910019,4,1073,100000,500000,500000,200000,200000,200000,200000,50000,50000
0,1
910019,5,1073,200000,500000,500000,200000,200000,200000,200000,50000,50000
0,1
910019,6,1073,250000,500000,500000,200000,200000,200000,200000,50000,50000
0,1
910019,7,1073,300000,500000,500000,200000,200000,200000,200000,50000,50000
0,1
910019,8,1073,400000,500000,500000,200000,200000,200000,200000,50000,50000
0,1
910019,9,1073,500000,500000,500000,200000,200000,200000,200000,50000,50000
0,1
910019,10,1073,600000,500000,500000,200000,200000,200000,200000,50000,50000
0,1
910019,11,1073,700000,500000,500000,200000,200000,200000,200000,50000,50000
0,1
910019,12,1073,750000,500000,500000,200000,200000,200000,200000,50000,50000
0,1
910019,13,1073,800000,500000,500000,200000,200000,200000,200000,50000,50000
0,1
