910011,27,1073,"1",500000,1250,500000,1250,200000,1250,200000,1250,50000,1250,50000,1250,50000,1250,50000,1250
0,1
910011,28,1073,"1",500000,2500,500000,2500,200000,2500,200000,2500,50000,2500,50000,2500,50000,2500,50000,2500
0,1
910011,29,1073,"1",500000,6250,500000,6250,200000,6250,200000,6250,50000,6250,50000,6250,50000,6250,50000,6250
0,1
910011,30,1073,"1",500000,12500,500000,12500,200000,12500,200000,12500,50000,12500,50000,12500,50000,12500,50000,12500
0,1
910011,31,1073,"1",500000,25000,500000,25000,200000,25000,200000,25000,50000,25000,50000,25000,50000,25000,50000,25000
0,1
910011,32,1073,"1",500000,31250,500000,31250,200000,31250,200000,31250,50000,31250,50000,31250,50000,31250,50000,31250
0,1
910011,33,1073,"1",500000,37500,500000,37500,200000,37500,200000,37500,50000,37500,50000,37500,50000,37500,50000,37500
0,1
910011,34,1073,"1",500000,50000,500000,50000,200000,50000,200000,50000,50000,50000,50000,50000,50000,50000,50000,50000
0,1
910011,35,1073,"1",500000,200000,500000,200000,200000,200000,200000,200000,50000,50000,50000,50000,50000,50000,50000,50000
0,1
910011,36,1073,"1",500000,300000,500000,300000,200000,200000,200000,200000,50000,50000,50000,50000,50000,50000,50000,50000
0,1
910011,37,1073,"1",500000,400000,500000,400000,200000,200000,200000,200000,50000,50000,50000,50000,50000,50000,50000,50000
0,1
910011,38,1073,"1",500000,450000,500000,450000,200000,200000,200000,200000,50000,50000,50000,50000,50000,50000,50000,50000
0,1
910011,39,1073,"1",500000,500000,500000,500000,200000,200000,200000,200000,50000,50000,50000,50000,50000,50000,50000,50000
0,1
910013,53,1073,"1",500000,10000,500000,10000,200000,10000,200000,10000,50000,10000,50000,10000,50000,10000,50000,10000
0,1
910013,54,1073,"1",500000,20000,500000,20000,200000,20000,200000,20000,50000,20000,50000,20000,50000,20000,50000,20000
0,1
910013,55,1073,"1",500000,50000,500000,50000,200000,50000,200000,50000,50000,50000,50000,50000,50000,50000,50000,50000
0,1
910014,56,1073,"1",500000,100000,500000,100000,200000,100000,200000,100000,50000,50000,50000,50000,50000,50000,50000,50000
0,1
910014,57,1073,"1",500000,200000,500000,200000,200000,200000,200000,200000,50000,50000,50000,50000,50000,50000,50000,50000
0,1
910015,58,1073,"1",500000,250000,500000,250000,200000,200000,200000,200000,50000,50000,50000,50000,50000,50000,50000,50000
0,1
910016,59,1073,"1",500000,300000,500000,300000,200000,200000,200000,200000,50000,50000,50000,50000,50000,50000,50000,50000
0,1
910016,60,1073,"1",500000,400000,500000,400000,200000,200000,200000,200000,50000,50000,50000,50000,50000,50000,50000,50000
0,1
910016,61,1073,"1",500000,500000,500000,500000,200000,200000,200000,200000,50000,50000,50000,50000,50000,50000,50000,50000
0,1
910016,62,1073,"1",500000,500000,500000,500000,200000,200000,200000,200000,50000,50000,50000,50000,50000,50000,50000,50000
0,1
910017,63,1073,"1",500000,500000,500000,500000,200000,200000,200000,200000,50000,50000,50000,50000,50000,50000,50000,50000
0,1
910018,64,1073,"1",500000,500000,500000,500000,200000,200000,200000,200000,50000,50000,50000,50000,50000,50000,50000,50000
0,1
910011,65,1073,"1",500000,500000,500000,500000,200000,200000,200000,200000,50000,50000,50000,50000,50000,50000,50000,50000
0,1
910019,1,1073,10000,500000,500000,200000,200000,200000,200000,50000,50000
0,1
910019,2,1073,20000,500000,500000,200000,200000,200000,200000,50000,50000
0,1
910019,3,1073,50000,500000,500000,200000,200000,200000,200000,50000,50000
0,1
910019,4,1073,100000,500000,500000,200000,200000,200000,200000,50000,50000
0,1
910019,5,1073,200000,500000,500000,200000,200000,200000,200000,50000,50000
0,1
910019,6,1073,250000,500000,500000,200000,200000,200000,200000,50000,50000
0,1
910019,7,1073,300000,500000,500000,200000,200000,200000,200000,50000,50000
0,1
910019,8,1073,400000,500000,500000,200000,200000,200000,200000,50000,50000
0,1
910019,9,1073,500000,500000,500000,200000,200000,200000,200000,50000,50000
0,1
910019,10,1073,600000,500000,500000,200000,200000,200000,200000,50000,50000
0,1
910019,11,1073,700000,500000,500000,200000,200000,200000,200000,50000,50000
0,1
910019,12,1073,750000,500000,500000,200000,200000,200000,200000,50000,50000
0,1
910019,13,1073,800000,500000,500000,200000,200000,200000,200000,50000,50000
0,1
