400007,1,1073,10000,500000,500000,200000,200000,50000,50000,50000,50000
0,1
400007,2,1073,20000,500000,500000,200000,200000,50000,50000,50000,50000
0,1
400007,3,1073,50000,500000,500000,200000,200000,50000,50000,50000,50000
0,1
400007,4,1073,100000,500000,500000,200000,200000,50000,50000,50000,50000
0,1
400007,5,1073,200000,500000,500000,200000,200000,50000,50000,50000,50000
0,1
400007,6,1073,250000,500000,500000,200000,200000,50000,50000,50000,50000
0,1
400007,7,1073,300000,500000,500000,200000,200000,50000,50000,50000,50000
0,1
400007,8,1073,400000,500000,500000,200000,200000,50000,50000,50000,50000
0,1
400007,9,1073,500000,500000,500000,200000,200000,50000,50000,50000,50000
0,1
400007,10,1073,600000,500000,500000,200000,200000,50000,50000,50000,50000
0,1
400007,11,1073,700000,500000,500000,200000,200000,50000,50000,50000,50000
0,1
400007,12,1073,750000,500000,500000,200000,200000,50000,50000,50000,50000
0,1
400007,13,1073,800000,500000,500000,200000,200000,50000,50000,50000,50000
0,1
