100006,4,"512MB",9,9
0,1
100006,5,"1024MB",9,9
0,1
200007,4,"128MB",9,9
0,1
200007,5,"256MB",9,9
0,1
200007,6,"384MB",9,9
0,1
200007,7,"512MB",9,9
0,1
200007,9,"768MB",9,9
0,1
200007,10,"896MB",9,9
0,1
200007,11,"1024MB",9,9
0,1
300007,4,"128MB",9,9
0,1
300007,5,"256MB",9,9
0,1
300007,6,"384MB",9,9
0,1
300007,7,"512MB",9,9
0,1
300007,9,"768MB",9,9
0,1
300007,10,"896MB",9,9
0,1
300007,11,"1024MB",9,9
0,1
500007,1,"1024MB",9,9
0,1
500008,1,"1024MB",9,9
0,1
500009,1,"1024MB",9,9
0,1
500010,1,"1024MB",9,9
0,1
500012,1,"1024MB",9,9
0,1
500013,1,"1024MB",9,9
0,1
200007,11,"1024MB",9,9
0,1
600007,1,"1024MB",9,9
0,1
600008,1,"1024MB",9,9
0,1
600009,1,"1024MB",9,9
0,1
600010,1,"1024MB",9,9
0,1
600012,1,"1024MB",9,9
0,1
600013,1,"1024MB",9,9
0,1
300007,11,"1024MB",9,9
0,1
400006,4,"128MB",9,9
0,1
400006,5,"256MB",9,9
0,1
400006,6,"384MB",9,9
0,1
400006,7,"512MB",9,9
0,1
400006,9,"768MB",9,9
0,1
400006,10,"896MB",9,9
0,1
400006,11,"1024MB",9,9
0,1
