920000,1,2560,160,220928,160,86304,160,81408,160,81248,160,14400,160,13344,160
940000,1
920000,2,2560,400,220928,400,86304,400,81408,400,81248,400,14400,400,13344,400
940000,1
920000,3,2560,560,220928,560,86304,560,81408,560,81248,560,14400,560,13344,560
940000,1
920000,4,2560,1536,220928,1536,86304,1536,81408,1536,81248,1536,14400,1536,13344,1536
940000,1
920000,5,2560,2560,220928,2560,86304,2560,81408,2560,81248,2560,14400,2560,13344,2560
940000,1
920000,6,2560,5120,220928,5120,86304,5120,81408,5120,81248,5120,14400,5120,13344,5120
940000,1
920000,7,2560,7680,220928,7680,86304,7680,81408,7680,81248,7680,14400,7680,13344,7680
940000,1
920000,8,2560,10240,220928,10240,86304,10240,81408,10240,81248,10240,14400,10240,13344,10240
940000,1
920000,9,2560,12800,220928,12800,86304,12800,81408,12800,81248,12800,14400,12800,13344,12800
940000,1
920000,10,2560,15360,220928,15360,86304,15360,81408,15360,81248,15360,14400,15360,13344,15360
940000,1
920000,11,2560,23040,220928,23040,86304,23040,81408,23040,81248,23040,14400,23040,13344,23040
940000,1
920000,12,2560,35840,220928,35840,86304,35840,81408,35840,81248,35840,14400,35840,13344,35840
940000,1
920000,13,2560,51200,220928,51200,86304,51200,81408,51200,81248,51200,14400,51200,13344,51200
940000,1
920000,14,2560,76800,220928,76800,86304,76800,81408,76800,81248,76800,14400,76800,13344,76800
940000,1
920000,15,2560,128000,220928,128000,86304,128000,81408,128000,81248,128000,14400,128000,13344,128000
940000,1
920000,16,2560,179200,220928,179200,86304,179200,81408,179200,81248,179200,14400,179200,13344,179200
940000,1
920000,17,2560,256000,220928,256000,86304,256000,81408,256000,81248,256000,14400,256000,13344,256000
940000,1
920001,18,"0",2560,160,2045792,160,381632,160,416,160,32,160,25600,160,416,160
940000,1
920001,19,"0",2560,760,2045792,438,381632,438,416,416,32,160,25600,438,416,416
940000,1
920001,20,"0",2560,1932,2045792,731,381632,731,416,416,32,160,25600,731,416,416
940000,1
920001,21,"0",2560,2560,2045792,3758,381632,1462,416,416,32,160,25600,1462,416,416
940000,1
920001,22,"0",2560,2560,2045792,7418,381632,2194,416,416,32,160,25600,2194,416,416
940000,1
920001,23,"0",2560,2560,2045792,11073,381632,2925,416,416,32,160,25600,2925,416,416
940000,1
920001,24,"0",2560,2560,2045792,14733,381632,3657,416,416,32,160,25600,3657,416,416
940000,1
920001,25,"0",2560,2560,2045792,18388,381632,4388,416,416,32,160,25600,4388,416,416
940000,1
920001,26,"0",2560,2560,2045792,29358,381632,6582,416,416,32,160,25600,6582,416,416
940000,1
920001,27,"0",2560,2560,2045792,47648,381632,10240,416,416,32,160,25600,10240,416,416
940000,1
920001,28,"0",2560,2560,2045792,69588,381632,14628,416,416,32,160,25600,14628,416,416
940000,1
920001,29,"0",2560,2560,2045792,106158,381632,21942,416,416,32,160,25600,21942,416,416
940000,1
920001,30,"0",2560,2560,2045792,190274,381632,36571,416,416,32,160,25600,25600,416,416
940000,1
920001,31,"0",2560,2560,2045792,278048,381632,51200,416,416,32,160,25600,25600,416,416
940000,1
920001,32,"0",2560,2560,2045792,409700,381632,73142,416,416,32,160,25600,25600,416,416
940000,1
920001,33,"0",2560,2560,2045792,673016,381632,117028,416,416,32,160,25600,25600,416,416
940000,1
920001,34,"0",2560,2560,2045792,1024100,381632,175542,416,416,32,160,25600,25600,416,416
940000,1
920001,35,"0",2560,2560,2045792,1550732,381632,263314,416,416,32,160,25600,25600,416,416
940000,1
920001,36,"0",2560,2560,2045792,2045792,381632,381632,416,416,32,160,25600,25600,416,416
940000,1
920001,37,"1",2560,160,2045792,160,381632,160,416,160,32,160,25600,160,416,160
940000,1
920001,38,"1",2560,760,2045792,438,381632,438,416,416,32,160,25600,438,416,416
940000,1
920001,39,"1",2560,1932,2045792,731,381632,731,416,416,32,160,25600,731,416,416
940000,1
920001,40,"1",2560,2560,2045792,3758,381632,1462,416,416,32,160,25600,1462,416,416
940000,1
920001,41,"1",2560,2560,2045792,7418,381632,2194,416,416,32,160,25600,2194,416,416
940000,1
920001,42,"1",2560,2560,2045792,11073,381632,2925,416,416,32,160,25600,2925,416,416
940000,1
920001,43,"1",2560,2560,2045792,14733,381632,3657,416,416,32,160,25600,3657,416,416
940000,1
920001,44,"1",2560,2560,2045792,18388,381632,4388,416,416,32,160,25600,4388,416,416
940000,1
920001,45,"1",2560,2560,2045792,29358,381632,6582,416,416,32,160,25600,6582,416,416
940000,1
920001,46,"1",2560,2560,2045792,47648,381632,10240,416,416,32,160,25600,10240,416,416
940000,1
920001,47,"1",2560,2560,2045792,69588,381632,14628,416,416,32,160,25600,14628,416,416
940000,1
920001,48,"1",2560,2560,2045792,106158,381632,21942,416,416,32,160,25600,21942,416,416
940000,1
920001,49,"1",2560,2560,2045792,190274,381632,36571,416,416,32,160,25600,25600,416,416
940000,1
920001,50,"1",2560,2560,2045792,278048,381632,51200,416,416,32,160,25600,25600,416,416
940000,1
920001,51,"1",2560,2560,2045792,409700,381632,73142,416,416,32,160,25600,25600,416,416
940000,1
920001,52,"1",2560,2560,2045792,673016,381632,117028,416,416,32,160,25600,25600,416,416
940000,1
920001,53,"1",2560,2560,2045792,1024100,381632,175542,416,416,32,160,25600,25600,416,416
940000,1
920001,54,"1",2560,2560,2045792,1550732,381632,263314,416,416,32,160,25600,25600,416,416
940000,1
920001,55,"1",2560,2560,2045792,2045792,381632,381632,416,416,32,160,25600,25600,416,416
940000,1
930000,100,18464,160,2492864,160,2492864,160,2492864,160,2363008,160,2492832,160
940000,1
930000,101,18464,400,2492864,400,2492864,400,2492864,400,2363008,400,2492832,400
940000,1
930000,102,18464,560,2492864,560,2492864,560,2492864,560,2363008,560,2492832,560
940000,1
930000,103,18464,1536,2492864,1536,2492864,1536,2492864,1536,2363008,1536,2492832,1536
940000,1
930000,104,18464,2560,2492864,2560,2492864,2560,2492864,2560,2363008,2560,2492832,2560
940000,1
930000,105,18464,5120,2492864,5120,2492864,5120,2492864,5120,2363008,5120,2492832,5120
940000,1
930000,106,18464,7680,2492864,7680,2492864,7680,2492864,7680,2363008,7680,2492832,7680
940000,1
930000,107,18464,10240,2492864,10240,2492864,10240,2492864,10240,2363008,10240,2492832,10240
940000,1
930000,108,18464,12800,2492864,12800,2492864,12800,2492864,12800,2363008,12800,2492832,12800
940000,1
930000,109,18464,15360,2492864,15360,2492864,15360,2492864,15360,2363008,15360,2492832,15360
940000,1
930000,110,18464,25600,2492864,25600,2492864,25600,2492864,25600,2363008,25600,2492832,25600
940000,1
930000,111,18464,40960,2492864,40960,2492864,40960,2492864,40960,2363008,40960,2492832,40960
940000,1
930000,112,18464,61440,2492864,61440,2492864,61440,2492864,61440,2363008,61440,2492832,61440
940000,1
930000,113,18464,102400,2492864,102400,2492864,102400,2492864,102400,2363008,102400,2492832,102400
940000,1
930000,114,18464,256000,2492864,256000,2492864,256000,2492864,256000,2363008,256000,2492832,256000
940000,1
930000,115,18464,512000,2492864,512000,2492864,512000,2492864,512000,2363008,512000,2492832,512000
940000,1
930000,116,18464,768000,2492864,768000,2492864,768000,2492864,768000,2363008,768000,2492832,768000
940000,1
930000,117,18464,1024000,2492864,1024000,2492864,1024000,2492864,1024000,2363008,1024000,2492832,1024000
940000,1
930000,118,18464,1280000,2492864,1280000,2492864,1280000,2492864,1280000,2363008,1280000,2492832,1280000
940000,1
930000,119,18464,1536000,2492864,1536000,2492864,1536000,2492864,1536000,2363008,1536000,2492832,1536000
940000,1
930000,120,18464,1792000,2492864,1792000,2492864,1792000,2492864,1792000,2363008,1792000,2492832,1792000
940000,1
930000,121,18464,2048000,2492864,2048000,2492864,2048000,2492864,2048000,2363008,2048000,2492832,2048000
940000,1
930000,122,18464,2304000,2492864,2304000,2492864,2304000,2492864,2304000,2363008,2304000,2492832,2304000
940000,1
930000,123,18464,2816000,2492864,2816000,2492864,2816000,2492864,2816000,2363008,2816000,2492832,2816000
940000,1
930001,124,"0",18464,160,3364224,160,3364224,160,25600,160,416,160,4838912,160
940000,1
930001,125,"0",18464,224,3364224,224,3364224,224,25600,224,416,224,4838912,224
940000,1
930001,126,"0",18464,812,3364224,614,3364224,614,25600,614,416,416,4838912,614
940000,1
930001,127,"0",18464,1632,3364224,1024,3364224,1024,25600,1024,416,416,4838912,1024
940000,1
930001,128,"0",18464,3680,3364224,2048,3364224,2048,25600,2048,416,416,4838912,2048
940000,1
930001,129,"0",18464,5728,3364224,3072,3364224,3072,25600,3072,416,416,4838912,3072
940000,1
930001,130,"0",18464,7776,3364224,4096,3364224,4096,25600,4096,416,416,4838912,4096
940000,1
930001,131,"0",18464,9824,3364224,5120,3364224,5120,25600,5120,416,416,4838912,5120
940000,1
930001,132,"0",18464,11872,3364224,6144,3364224,6144,25600,6144,416,416,4838912,6144
940000,1
930001,133,"0",18464,18464,3364224,11840,3364224,11840,25600,10240,416,416,4838912,10240
940000,1
930001,134,"0",18464,18464,3364224,30272,3364224,11840,25600,16384,416,416,4838912,16384
940000,1
930001,135,"0",18464,18464,3364224,54848,3364224,11840,25600,24576,416,416,4838912,24576
940000,1
930001,136,"0",18464,18464,3364224,119360,3364224,11840,25600,25600,416,416,4838912,40960
940000,1
930001,137,"0",18464,18464,3364224,365120,3364224,11840,25600,25600,416,416,4838912,102400
940000,1
930001,138,"0",18464,18464,3364224,774720,3364224,11840,25600,25600,416,416,4838912,204800
940000,1
930001,139,"0",18464,18464,3364224,1184320,3364224,11840,25600,25600,416,416,4838912,307200
940000,1
930001,140,"0",18464,18464,3364224,1593920,3364224,11840,25600,25600,416,416,4838912,409600
940000,1
930001,141,"0",18464,18464,3364224,2003520,3364224,11840,25600,25600,416,416,4838912,512000
940000,1
930001,142,"0",18464,18464,3364224,2413120,3364224,11840,25600,25600,416,416,4838912,614400
940000,1
930001,143,"0",18464,18464,3364224,2822720,3364224,11840,25600,25600,416,416,4838912,716800
940000,1
930001,144,"0",18464,18464,3364224,3232320,3364224,11840,25600,25600,416,416,4838912,819200
940000,1
930001,145,"0",18464,18464,3364224,3364224,3364224,11840,25600,25600,416,416,4838912,1199296
940000,1
930001,146,"0",18464,18464,3364224,3364224,3364224,11840,25600,25600,416,416,4838912,2223296
940000,1
930001,147,"0",18464,18464,3364224,3364224,3364224,11840,25600,25600,416,416,4838912,3247296
940000,1
930001,148,"0",18464,18464,3364224,3364224,3364224,11840,25600,25600,416,416,4838912,4271296
940000,1
930001,149,"0",18464,18464,3364224,3364224,3364224,11840,25600,25600,416,416,4838912,4838912
940000,1
930001,150,"1",18464,160,3364224,160,3364224,160,25600,160,416,160,4838912,160
940000,1
930001,151,"1",18464,224,3364224,224,3364224,224,25600,224,416,224,4838912,224
940000,1
930001,152,"1",18464,812,3364224,614,3364224,614,25600,614,416,416,4838912,614
940000,1
930001,153,"1",18464,1632,3364224,1024,3364224,1024,25600,1024,416,416,4838912,1024
940000,1
930001,154,"1",18464,3680,3364224,2048,3364224,2048,25600,2048,416,416,4838912,2048
940000,1
930001,155,"1",18464,5728,3364224,3072,3364224,3072,25600,3072,416,416,4838912,3072
940000,1
930001,156,"1",18464,7776,3364224,4096,3364224,4096,25600,4096,416,416,4838912,4096
940000,1
930001,157,"1",18464,9824,3364224,5120,3364224,5120,25600,5120,416,416,4838912,5120
940000,1
930001,158,"1",18464,11872,3364224,6144,3364224,6144,25600,6144,416,416,4838912,6144
940000,1
930001,159,"1",18464,18464,3364224,11840,3364224,11840,25600,10240,416,416,4838912,10240
940000,1
930001,160,"1",18464,18464,3364224,30272,3364224,11840,25600,16384,416,416,4838912,16384
940000,1
930001,161,"1",18464,18464,3364224,54848,3364224,11840,25600,24576,416,416,4838912,24576
940000,1
930001,162,"1",18464,18464,3364224,119360,3364224,11840,25600,25600,416,416,4838912,40960
940000,1
930001,163,"1",18464,18464,3364224,365120,3364224,11840,25600,25600,416,416,4838912,102400
940000,1
930001,164,"1",18464,18464,3364224,774720,3364224,11840,25600,25600,416,416,4838912,204800
940000,1
930001,165,"1",18464,18464,3364224,1184320,3364224,11840,25600,25600,416,416,4838912,307200
940000,1
930001,166,"1",18464,18464,3364224,1593920,3364224,11840,25600,25600,416,416,4838912,409600
940000,1
930001,167,"1",18464,18464,3364224,2003520,3364224,11840,25600,25600,416,416,4838912,512000
940000,1
930001,168,"1",18464,18464,3364224,2413120,3364224,11840,25600,25600,416,416,4838912,614400
940000,1
930001,169,"1",18464,18464,3364224,2822720,3364224,11840,25600,25600,416,416,4838912,716800
940000,1
930001,170,"1",18464,18464,3364224,3232320,3364224,11840,25600,25600,416,416,4838912,819200
940000,1
930001,171,"1",18464,18464,3364224,3364224,3364224,11840,25600,25600,416,416,4838912,1199296
940000,1
930001,172,"1",18464,18464,3364224,3364224,3364224,11840,25600,25600,416,416,4838912,2223296
940000,1
930001,173,"1",18464,18464,3364224,3364224,3364224,11840,25600,25600,416,416,4838912,3247296
940000,1
930001,174,"1",18464,18464,3364224,3364224,3364224,11840,25600,25600,416,416,4838912,4271296
940000,1
930001,175,"1",18464,18464,3364224,3364224,3364224,11840,25600,25600,416,416,4838912,4838912