920012,232,"0",2560,160,2045792,160,381632,160,416,160,32,160,25600,160,416,160
940000,1
920012,233,"0",2560,439,2045792,439,381632,439,416,439,32,439,25600,439,416,439
940000,1
920012,234,"0",2560,731,2045792,731,381632,731,416,731,32,731,25600,731,416,731
940000,1
920012,235,"0",2560,1463,2045792,1463,381632,1463,416,1463,32,1463,25600,1463,416,1463
940000,1
920012,236,"0",2560,2194,2045792,2194,381632,2194,416,2194,32,2194,25600,2194,416,2194
940000,1
920012,237,"0",2560,2926,2045792,2926,381632,2926,416,2926,32,2926,25600,2926,416,2926
940000,1
920012,238,"0",2560,3657,2045792,3657,381632,3657,416,3657,32,3657,25600,3657,416,3657
940000,1
920012,239,"0",2560,4389,2045792,4389,381632,4389,416,4389,32,4389,25600,4389,416,4389
940000,1
920012,240,"0",2560,6583,2045792,6583,381632,6583,416,6583,32,6583,25600,6583,416,6583
940000,1
920012,241,"0",2560,10240,2045792,10240,381632,10240,416,10240,32,10240,25600,10240,416,10240
940000,1
920012,242,"0",2560,14629,2045792,14629,381632,14629,416,14629,32,14629,25600,14629,416,14629
940000,1
920012,243,"0",2560,21943,2045792,21943,381632,21943,416,21943,32,21943,25600,21943,416,21943
940000,1
920012,244,"0",2560,36571,2045792,36571,381632,36571,416,36571,32,36571,25600,36571,416,36571
940000,1
920012,245,"0",2560,51200,2045792,51200,381632,51200,416,51200,32,51200,25600,51200,416,51200
940000,1
920012,246,"0",2560,73143,2045792,73143,381632,73143,416,73143,32,73143,25600,73143,416,73143
940000,1
920012,247,"0",2560,117029,2045792,117029,381632,117029,416,117029,32,117029,25600,117029,416,117029
940000,1
920012,248,"0",2560,175543,2045792,175543,381632,175543,416,175543,32,175543,25600,175543,416,175543
940000,1
920012,249,"0",2560,263314,2045792,263314,381632,263314,416,263314,32,263314,25600,263314,416,263314
940000,1
920012,250,"0",2560,365714,2045792,365714,381632,365714,416,365714,32,365714,25600,365714,416,365714
940000,1
930007,251,"0",18464,160,3364224,160,3364224,160,25600,160,416,160,4838912,160
940000,1
930007,252,"0",18464,224,3364224,224,3364224,224,25600,224,416,224,4838912,224
940000,1
930007,253,"0",18464,614,3364224,614,3364224,614,25600,614,416,614,4838912,614
940000,1
930007,254,"0",18464,1024,3364224,1024,3364224,1024,25600,1024,416,1024,4838912,1024
940000,1
930007,255,"0",18464,2048,3364224,2048,3364224,2048,25600,2048,416,2048,4838912,2048
940000,1
930007,256,"0",18464,3072,3364224,3072,3364224,3072,25600,3072,416,3072,4838912,3072
940000,1
930007,257,"0",18464,4096,3364224,4096,3364224,4096,25600,4096,416,4096,4838912,4096
940000,1
930007,258,"0",18464,5120,3364224,5120,3364224,5120,25600,5120,416,5120,4838912,5120
940000,1
930007,259,"0",18464,6144,3364224,6144,3364224,6144,25600,6144,416,6144,4838912,6144
940000,1
930007,260,"0",18464,10240,3364224,10240,3364224,10240,25600,10240,416,10240,4838912,10240
940000,1
930007,261,"0",18464,16384,3364224,16384,3364224,16384,25600,16384,416,16384,4838912,16384
940000,1
930007,262,"0",18464,24576,3364224,24576,3364224,24576,25600,24576,416,24576,4838912,24576
940000,1
930007,263,"0",18464,40960,3364224,40960,3364224,40960,25600,40960,416,40960,4838912,40960
940000,1
930007,264,"0",18464,102400,3364224,102400,3364224,102400,25600,102400,416,102400,4838912,102400
940000,1
930007,265,"0",18464,204800,3364224,204800,3364224,204800,25600,204800,416,204800,4838912,204800
940000,1
930007,266,"0",18464,307200,3364224,307200,3364224,307200,25600,307200,416,307200,4838912,307200
940000,1
930007,267,"0",18464,409600,3364224,409600,3364224,409600,25600,409600,416,409600,4838912,409600
940000,1
930007,268,"0",18464,512000,3364224,512000,3364224,512000,25600,512000,416,512000,4838912,512000
940000,1
930007,269,"0",18464,614400,3364224,614400,3364224,614400,25600,614400,416,614400,4838912,614400
940000,1
930007,270,"0",18464,716800,3364224,716800,3364224,716800,25600,716800,416,716800,4838912,716800
940000,1
930007,271,"0",18464,819200,3364224,819200,3364224,819200,25600,819200,416,819200,4838912,819200
940000,1
930007,272,"0",18464,921600,3364224,921600,3364224,921600,25600,921600,416,921600,4838912,921600
940000,1
930007,273,"0",18464,1126400,3364224,1126400,3364224,1126400,25600,1126400,416,1126400,4838912,1126400
940000,1
930007,274,"0",18464,1331200,3364224,1331200,3364224,1331200,25600,1331200,416,1331200,4838912,1331200
940000,1
930007,275,"0",18464,1536000,3364224,1536000,3364224,1536000,25600,1536000,416,1536000,4838912,1536000
940000,1
930007,276,"0",18464,1740800,3364224,1740800,3364224,1740800,25600,1740800,416,1740800,4838912,1740800
940000,1
930002,176,"0",18464,160,3364224,160,3364224,160,25600,160,416,160,4838912,160
940000,1
930002,177,"0",18464,320,3364224,320,3364224,320,25600,320,416,320,4838912,320
940000,1
930002,178,"0",18464,800,3364224,800,3364224,800,25600,800,416,416,4838912,800
940000,1
930002,179,"0",18464,1120,3364224,1120,3364224,1120,25600,1120,416,416,4838912,1120
940000,1
930002,180,"0",18464,3072,3364224,3072,3364224,3072,25600,3072,416,416,4838912,25600
940000,1
930002,181,"0",18464,5120,3364224,5120,3364224,5120,25600,5120,416,416,4838912,25600
940000,1
930002,182,"0",18464,10240,3364224,10240,3364224,10240,25600,10240,416,416,4838912,25600
940000,1
930002,183,"0",18464,15360,3364224,15360,3364224,15360,25600,15360,416,416,4838912,25600
940000,1
930002,184,"0",18464,18464,3364224,18464,3364224,18464,25600,20480,416,416,4838912,25600
940000,1
930003,185,"0",18464,18464,3364224,18464,3364224,18464,25600,25600,416,416,4838912,25600
940000,1
930003,186,"0",18464,18464,3364224,18464,3364224,18464,25600,25600,416,416,4838912,25600
940000,1
930003,187,"0",18464,18464,3364224,18464,3364224,18464,25600,25600,416,416,4838912,25600
940000,1
930003,188,"0",18464,18464,3364224,18464,3364224,18464,25600,25600,416,416,4838912,25600
940000,1
930003,189,"0",18464,18464,3364224,18464,3364224,18464,25600,25600,416,416,4838912,25600
940000,1
930003,190,"0",18464,18464,3364224,18464,3364224,18464,25600,25600,416,416,4838912,25600
940000,1
930003,191,"0",18464,18464,3364224,18464,3364224,18464,25600,25600,416,416,4838912,25600
940000,1
930003,192,"0",18464,18464,3364224,18464,3364224,18464,25600,25600,416,416,4838912,25600
940000,1
930003,193,"0",18464,18464,3364224,18464,3364224,18464,25600,25600,416,416,4838912,25600
940000,1
930003,194,"0",18464,18464,3364224,18464,3364224,18464,25600,25600,416,416,4838912,25600
940000,1
930003,195,"0",18464,18464,3364224,18464,3364224,18464,25600,25600,416,416,4838912,25600
940000,1
930003,196,"0",18464,18464,3364224,18464,3364224,18464,25600,25600,416,416,4838912,25600
940000,1
930006,197,"0",18464,18464,3364224,3364224,3364224,3364224,25600,25600,416,416,4838912,25600
940000,1
930006,198,"0",18464,18464,3364224,3364224,3364224,3364224,25600,25600,416,416,4838912,25600
940000,1
930006,199,"0",18464,18464,3364224,3364224,3364224,3364224,25600,25600,416,416,4838912,25600
940000,1
930006,200,"0",18464,18464,3364224,3364224,3364224,3364224,25600,25600,416,416,4838912,4838912
940000,1
930006,201,"0",18464,18464,3364224,3364224,3364224,3364224,25600,25600,416,416,4838912,4838912
940000,1
930006,202,"0",18464,18464,3364224,3364224,3364224,3364224,25600,25600,416,416,4838912,4838912
940000,1
930001,203,"0",18464,18464,3364224,3364224,3364224,3364224,25600,25600,416,416,4838912,4838912
940000,1
930002,204,"1",18464,160,3364224,160,3364224,160,25600,160,416,160,4838912,160
940000,1
930002,205,"1",18464,320,3364224,320,3364224,320,25600,320,416,320,4838912,320
940000,1
930002,206,"1",18464,800,3364224,800,3364224,800,25600,800,416,416,4838912,800
940000,1
930002,207,"1",18464,1120,3364224,1120,3364224,1120,25600,1120,416,416,4838912,1120
940000,1
930002,208,"1",18464,3072,3364224,3072,3364224,3072,25600,3072,416,416,4838912,25600
940000,1
930002,209,"1",18464,5120,3364224,5120,3364224,5120,25600,5120,416,416,4838912,25600
940000,1
930002,210,"1",18464,10240,3364224,10240,3364224,10240,25600,10240,416,416,4838912,25600
940000,1
930002,211,"1",18464,15360,3364224,15360,3364224,15360,25600,15360,416,416,4838912,25600
940000,1
930002,212,"1",18464,18464,3364224,18464,3364224,18464,25600,20480,416,416,4838912,25600
940000,1
930003,213,"1",18464,18464,3364224,18464,3364224,18464,25600,25600,416,416,4838912,25600
940000,1
930003,214,"1",18464,18464,3364224,18464,3364224,18464,25600,25600,416,416,4838912,25600
940000,1
930003,215,"1",18464,18464,3364224,18464,3364224,18464,25600,25600,416,416,4838912,25600
940000,1
930003,216,"1",18464,18464,3364224,18464,3364224,18464,25600,25600,416,416,4838912,25600
940000,1
930003,217,"1",18464,18464,3364224,18464,3364224,18464,25600,25600,416,416,4838912,25600
940000,1
930003,218,"1",18464,18464,3364224,18464,3364224,18464,25600,25600,416,416,4838912,25600
940000,1
930003,219,"1",18464,18464,3364224,18464,3364224,18464,25600,25600,416,416,4838912,25600
940000,1
930003,220,"1",18464,18464,3364224,18464,3364224,18464,25600,25600,416,416,4838912,25600
940000,1
930003,221,"1",18464,18464,3364224,18464,3364224,18464,25600,25600,416,416,4838912,25600
940000,1
930003,222,"1",18464,18464,3364224,18464,3364224,18464,25600,25600,416,416,4838912,25600
940000,1
930003,223,"1",18464,18464,3364224,18464,3364224,18464,25600,25600,416,416,4838912,25600
940000,1
930003,224,"1",18464,18464,3364224,18464,3364224,18464,25600,25600,416,416,4838912,25600
940000,1
930006,225,"1",18464,18464,3364224,3364224,3364224,3364224,25600,25600,416,416,4838912,25600
940000,1
930006,226,"1",18464,18464,3364224,3364224,3364224,3364224,25600,25600,416,416,4838912,25600
940000,1
930006,227,"1",18464,18464,3364224,3364224,3364224,3364224,25600,25600,416,416,4838912,25600
940000,1
930006,228,"1",18464,18464,3364224,3364224,3364224,3364224,25600,25600,416,416,4838912,4838912
940000,1
930006,229,"1",18464,18464,3364224,3364224,3364224,3364224,25600,25600,416,416,4838912,4838912
940000,1
930006,230,"1",18464,18464,3364224,3364224,3364224,3364224,25600,25600,416,416,4838912,4838912
940000,1
930001,231,"1",18464,18464,3364224,3364224,3364224,3364224,25600,25600,416,416,4838912,4838912
940000,1
920002,56,"0",2560,160,2045792,160,381632,160,416,160,32,160,25600,160,416,160
940000,1
920002,57,"0",2560,320,2045792,320,381632,320,416,320,32,320,25600,320,416,320
940000,1
920003,58,"0",2560,800,2045792,800,381632,800,416,416,32,160,25600,800,416,416
940000,1
920003,59,"0",2560,1120,2045792,1120,381632,1120,416,416,32,160,25600,1120,416,416
940000,1
920003,60,"0",2560,2560,2045792,3072,381632,3072,416,416,32,160,25600,3072,416,416
940000,1
920003,61,"0",2560,2560,2045792,5120,381632,5120,416,416,32,160,25600,5120,416,416
940000,1
920003,62,"0",2560,2560,2045792,10240,381632,10240,416,416,32,160,25600,10240,416,416
940000,1
920003,63,"0",2560,2560,2045792,2560,381632,2045792,416,416,32,160,25600,2045792,416,416
940000,1
920003,64,"0",2560,2560,2045792,2560,381632,2045792,416,416,32,160,25600,2045792,416,416
940000,1
920003,65,"0",2560,2560,2045792,2560,381632,2045792,416,416,32,160,25600,2045792,416,416
940000,1
920005,66,"0",2560,2560,2045792,2560,381632,2045792,416,416,32,160,25600,25600,416,416
940000,1
920005,67,"0",2560,2560,2045792,2560,381632,2045792,416,416,32,160,25600,25600,416,416
940000,1
920005,68,"0",2560,2560,2045792,2560,381632,2045792,416,416,32,160,25600,25600,416,416
940000,1
920005,69,"0",2560,2560,2045792,2560,381632,2045792,416,416,32,160,25600,25600,416,416
940000,1
920005,70,"0",2560,2560,2045792,2560,381632,2045792,416,416,32,160,25600,25600,416,416
940000,1
920005,71,"0",2560,2560,2045792,2560,381632,2045792,416,416,32,160,25600,25600,416,416
940000,1
920005,72,"0",2560,2560,2045792,2560,381632,2045792,416,416,32,160,25600,25600,416,416
940000,1
920006,73,"0",2560,2560,2045792,2560,381632,381632,416,416,32,160,25600,25600,416,416
940000,1
920006,74,"0",2560,2560,2045792,2560,381632,381632,416,416,32,160,25600,25600,416,416
940000,1
920006,75,"0",2560,2560,2045792,2560,381632,381632,416,416,32,160,25600,25600,416,416
940000,1
920006,76,"0",2560,2560,2045792,2560,381632,381632,416,416,32,160,25600,25600,416,416
940000,1
920001,77,"0",2560,2560,2045792,2045792,381632,381632,416,416,32,160,25600,25600,416,416
940000,1
920002,78,"1",2560,160,2045792,160,381632,160,416,160,32,160,25600,160,416,160
940000,1
920002,79,"1",2560,320,2045792,320,381632,320,416,320,32,320,25600,320,416,320
940000,1
920003,80,"1",2560,800,2045792,800,381632,800,416,416,32,160,25600,800,416,416
940000,1
920003,81,"1",2560,1120,2045792,1120,381632,1120,416,416,32,160,25600,1120,416,416
940000,1
920003,82,"1",2560,2560,2045792,3072,381632,3072,416,416,32,160,25600,3072,416,416
940000,1
920003,83,"1",2560,2560,2045792,5120,381632,5120,416,416,32,160,25600,5120,416,416
940000,1
920003,84,"1",2560,2560,2045792,10240,381632,10240,416,416,32,160,25600,10240,416,416
940000,1
920003,85,"1",2560,2560,2045792,2560,381632,2045792,416,416,32,160,25600,2045792,416,416
940000,1
920003,86,"1",2560,2560,2045792,2560,381632,2045792,416,416,32,160,25600,2045792,416,416
940000,1
920003,87,"1",2560,2560,2045792,2560,381632,2045792,416,416,32,160,25600,2045792,416,416
940000,1
920005,88,"1",2560,2560,2045792,2560,381632,2045792,416,416,32,160,25600,25600,416,416
940000,1
920005,89,"1",2560,2560,2045792,2560,381632,2045792,416,416,32,160,25600,25600,416,416
940000,1
920005,90,"1",2560,2560,2045792,2560,381632,2045792,416,416,32,160,25600,25600,416,416
940000,1
920005,91,"1",2560,2560,2045792,2560,381632,2045792,416,416,32,160,25600,25600,416,416
940000,1
920005,92,"1",2560,2560,2045792,2560,381632,2045792,416,416,32,160,25600,25600,416,416
940000,1
920005,93,"1",2560,2560,2045792,2560,381632,2045792,416,416,32,160,25600,25600,416,416
940000,1
920005,94,"1",2560,2560,2045792,2560,381632,2045792,416,416,32,160,25600,25600,416,416
940000,1
920006,95,"1",2560,2560,2045792,2560,381632,381632,416,416,32,160,25600,25600,416,416
940000,1
920006,96,"1",2560,2560,2045792,2560,381632,381632,416,416,32,160,25600,25600,416,416
940000,1
920006,97,"1",2560,2560,2045792,2560,381632,381632,416,416,32,160,25600,25600,416,416
940000,1
920006,98,"1",2560,2560,2045792,2560,381632,381632,416,416,32,160,25600,25600,416,416
940000,1
920001,99,"1",2560,2560,2045792,2045792,381632,381632,416,416,32,160,25600,25600,416,416
940000,1