920000,1,640,192,22400,192,8960,192,8352,192,8192,192,1888,192,1536,192
940000,1
920000,2,640,256,22400,256,8960,256,8352,256,8192,256,1888,256,1536,256
940000,1
920000,3,640,512,22400,512,8960,512,8352,512,8192,512,1888,512,1536,512
940000,1
920000,4,640,640,22400,22400,8960,8960,8352,8352,8192,8192,1888,1888,1536,1536
940000,1
920001,5,"0",640,192,204864,192,38464,192,416,192,32,192,2720,192,416,192
940000,1
920001,6,"0",640,640,204864,3424,38464,3424,416,416,32,192,2720,2720,416,416
940000,1
920001,7,"0",640,640,204864,14624,38464,14624,416,416,32,192,2720,2720,416,416
940000,1
920001,8,"0",640,640,204864,23424,38464,23424,416,416,32,192,2720,2720,416,416
940000,1
920001,9,"0",640,640,204864,59584,38464,38464,416,416,32,192,2720,2720,416,416
940000,1
920001,10,"0",640,640,204864,110784,38464,38464,416,416,32,192,2720,2720,416,416
940000,1
920001,11,"0",640,640,204864,161984,38464,38464,416,416,32,192,2720,2720,416,416
940000,1
920001,12,"0",640,640,204864,204864,38464,38464,416,416,32,192,2720,2720,416,416
940000,1
920001,13,"1",640,192,204864,192,38464,192,416,192,32,192,2720,192,416,192
940000,1
920001,14,"1",640,640,204864,3424,38464,3424,416,416,32,192,2720,2720,416,416
940000,1
920001,15,"1",640,640,204864,14624,38464,14624,416,416,32,192,2720,2720,416,416
940000,1
920001,16,"1",640,640,204864,23424,38464,23424,416,416,32,192,2720,2720,416,416
940000,1
920001,17,"1",640,640,204864,59584,38464,38464,416,416,32,192,2720,2720,416,416
940000,1
920001,18,"1",640,640,204864,110784,38464,38464,416,416,32,192,2720,2720,416,416
940000,1
920001,19,"1",640,640,204864,161984,38464,38464,416,416,32,192,2720,2720,416,416
940000,1
920001,20,"1",640,640,204864,204864,38464,38464,416,416,32,192,2720,2720,416,416
940000,1
920002,21,"0",640,256,204864,256,38464,256,416,256,32,192,2720,256,416,256
940000,1
920003,22,"0",640,640,204864,1024,38464,1024,416,416,32,192,2720,1024,416,416
940000,1
920004,23,"0",640,640,204864,3296,38464,3296,416,416,32,192,2720,2720,416,416
940000,1
920005,24,"0",640,640,204864,30720,38464,30720,416,416,32,192,2720,2720,416,416
940000,1
920006,25,"0",640,640,204864,204800,38464,38464,416,416,32,192,2720,2720,416,416
940000,1
920007,26,"0",640,640,204864,204864,38464,38464,416,416,32,192,2720,2720,416,416
940000,1
920008,27,"0",640,640,204864,204864,38464,38464,416,416,32,192,2720,2720,416,416
940000,1
920009,28,"0",640,640,204864,204864,38464,38464,416,416,32,192,2720,2720,416,416
940000,1
920010,29,"0",640,640,204864,204864,38464,38464,416,416,32,192,2720,2720,416,416
940000,1
920011,30,"0",640,640,204864,204864,38464,38464,416,416,32,192,2720,2720,416,416
940000,1
920001,31,"0",640,640,204864,204864,38464,38464,416,416,32,192,2720,2720,416,416
940000,1
920002,32,"1",640,256,204864,256,38464,256,416,256,32,192,2720,256,416,256
940000,1
920003,33,"1",640,640,204864,1024,38464,1024,416,416,32,192,2720,1024,416,416
940000,1
920004,34,"1",640,640,204864,3296,38464,3296,416,416,32,192,2720,2720,416,416
940000,1
920005,35,"1",640,640,204864,30720,38464,30720,416,416,32,192,2720,2720,416,416
940000,1
920006,36,"1",640,640,204864,204800,38464,38464,416,416,32,192,2720,2720,416,416
940000,1
920007,37,"1",640,640,204864,204864,38464,38464,416,416,32,192,2720,2720,416,416
940000,1
920008,38,"1",640,640,204864,204864,38464,38464,416,416,32,192,2720,2720,416,416
940000,1
920009,39,"1",640,640,204864,204864,38464,38464,416,416,32,192,2720,2720,416,416
940000,1
920010,40,"1",640,640,204864,204864,38464,38464,416,416,32,192,2720,2720,416,416
940000,1
920011,41,"1",640,640,204864,204864,38464,38464,416,416,32,192,2720,2720,416,416
940000,1
920001,42,"1",640,640,204864,204864,38464,38464,416,416,32,192,2720,2720,416,416
940000,1
930000,43,1920,256,249504,256,249504,256,249312,256,236320,256,249408,256
940000,1
930000,44,1920,512,249504,512,249504,512,249312,512,236320,512,249408,512
940000,1
930000,45,1920,1920,249504,49280,249504,49280,249312,1920,236320,49280,249408,1920
940000,1
930000,46,1920,1920,249504,100480,249504,100480,249312,1920,236320,100480,249408,1920
940000,1
930000,47,1920,1920,249504,151680,249504,151680,249312,1920,236320,151680,249408,1920
940000,1
930000,48,1920,1920,249504,202880,249504,202880,249312,1920,236320,202880,249408,1920
940000,1
930000,49,1920,1920,249504,249504,249504,249504,249312,6496,236320,236320,249408,19680
940000,1
930000,50,1920,1920,249504,249504,249504,249504,249312,57696,236320,236320,249408,70880
940000,1
930000,51,1920,1920,249504,249504,249504,249504,249312,108896,236320,236320,249408,122080
940000,1
930000,52,1920,1920,249504,249504,249504,249504,249312,160096,236320,236320,249408,173280
940000,1
930000,53,1920,1920,249504,249504,249504,249504,249312,211296,236320,236320,249408,224480
940000,1
930000,54,1920,1920,249504,249504,249504,249504,249312,249312,236320,236320,249408,249408
940000,1
930001,55,"0",1920,205,336736,205,2720,205,2720,205,416,205,484224,205
940000,1
930001,56,"0",1920,1920,336736,23072,2720,2720,2720,2720,416,416,484224,23072
940000,1
930001,57,"0",1920,1920,336736,48672,2720,2720,2720,2720,416,416,484224,48672
940000,1
930001,58,"0",1920,1920,336736,74272,2720,2720,2720,2720,416,416,484224,74272
940000,1
930001,59,"0",1920,1920,336736,99872,2720,2720,2720,2720,416,416,484224,99872
940000,1
930001,60,"0",1920,1920,336736,125472,2720,2720,2720,2720,416,416,484224,125472
940000,1
930001,61,"0",1920,1920,336736,151072,2720,2720,2720,2720,416,416,484224,151072
940000,1
930001,62,"0",1920,1920,336736,176672,2720,2720,2720,2720,416,416,484224,176672
940000,1
930001,63,"0",1920,1920,336736,202272,2720,2720,2720,2720,416,416,484224,202272
940000,1
930001,64,"0",1920,1920,336736,227872,2720,2720,2720,2720,416,416,484224,227872
940000,1
930001,65,"0",1920,1920,336736,253472,2720,2720,2720,2720,416,416,484224,253472
940000,1
930001,66,"0",1920,1920,336736,279072,2720,2720,2720,2720,416,416,484224,279072
940000,1
930001,67,"0",1920,1920,336736,304672,2720,2720,2720,2720,416,416,484224,304672
940000,1
930001,68,"0",1920,1920,336736,330272,2720,2720,2720,2720,416,416,484224,330272
940000,1
930001,69,"0",1920,1920,336736,336736,2720,2720,2720,2720,416,416,484224,375008
940000,1
930001,70,"0",1920,1920,336736,336736,2720,2720,2720,2720,416,416,484224,426208
940000,1
930001,71,"0",1920,1920,336736,336736,2720,2720,2720,2720,416,416,484224,477408
940000,1
930001,72,"0",1920,1920,336736,336736,2720,2720,2720,2720,416,416,484224,484224
940000,1
930001,73,"1",1920,205,336736,205,2720,205,2720,205,416,205,484224,205
940000,1
930001,74,"1",1920,1920,336736,23072,2720,2720,2720,2720,416,416,484224,23072
940000,1
930001,75,"1",1920,1920,336736,48672,2720,2720,2720,2720,416,416,484224,48672
940000,1
930001,76,"1",1920,1920,336736,74272,2720,2720,2720,2720,416,416,484224,74272
940000,1
930001,77,"1",1920,1920,336736,99872,2720,2720,2720,2720,416,416,484224,99872
940000,1
930001,78,"1",1920,1920,336736,125472,2720,2720,2720,2720,416,416,484224,125472
940000,1
930001,79,"1",1920,1920,336736,151072,2720,2720,2720,2720,416,416,484224,151072
940000,1
930001,80,"1",1920,1920,336736,176672,2720,2720,2720,2720,416,416,484224,176672
940000,1
930001,81,"1",1920,1920,336736,202272,2720,2720,2720,2720,416,416,484224,202272
940000,1
930001,82,"1",1920,1920,336736,227872,2720,2720,2720,2720,416,416,484224,227872
940000,1
930001,83,"1",1920,1920,336736,253472,2720,2720,2720,2720,416,416,484224,253472
940000,1
930001,84,"1",1920,1920,336736,279072,2720,2720,2720,2720,416,416,484224,279072
940000,1
930001,85,"1",1920,1920,336736,304672,2720,2720,2720,2720,416,416,484224,304672
940000,1
930001,86,"1",1920,1920,336736,330272,2720,2720,2720,2720,416,416,484224,330272
940000,1
930001,87,"1",1920,1920,336736,336736,2720,2720,2720,2720,416,416,484224,375008
940000,1
930001,88,"1",1920,1920,336736,336736,2720,2720,2720,2720,416,416,484224,426208
940000,1
930001,89,"1",1920,1920,336736,336736,2720,2720,2720,2720,416,416,484224,477408
940000,1
930001,90,"1",1920,1920,336736,336736,2720,2720,2720,2720,416,416,484224,484224
940000,1
930002,91,"0",1920,1920,336736,2720,2720,2720,2720,2720,416,416,484224,2720
940000,1
930003,92,"0",1920,1920,336736,307200,2720,2720,2720,2720,416,416,484224,151072
940000,1
930004,93,"0",1920,1920,336736,336736,2720,2720,2720,2720,416,416,484224,335520
940000,1
930005,94,"0",1920,1920,336736,336736,2720,2720,2720,2720,416,416,484224,340960
940000,1
930006,95,"0",1920,1920,336736,336736,2720,2720,2720,2720,416,416,484224,477408
940000,1
930001,96,"0",1920,1920,336736,336736,2720,2720,2720,2720,416,416,484224,484224
940000,1
930002,97,"1",1920,1920,336736,2720,2720,2720,2720,2720,416,416,484224,2720
940000,1
930003,98,"1",1920,1920,336736,307200,2720,2720,2720,2720,416,416,484224,151072
940000,1
930004,99,"1",1920,1920,336736,336736,2720,2720,2720,2720,416,416,484224,335520
940000,1
930005,100,"1",1920,1920,336736,336736,2720,2720,2720,2720,416,416,484224,340960
940000,1
930006,101,"1",1920,1920,336736,336736,2720,2720,2720,2720,416,416,484224,477408
940000,1
930001,102,"1",1920,1920,336736,336736,2720,2720,2720,2720,416,416,484224,484224