920000,1,2560,160,220928,160,86304,160,81408,160,81248,160,14400,160,13344,160
940000,1
920000,4,2560,1536,220928,1536,86304,1536,81408,1536,81248,1536,14400,1536,13344,1536
940000,1
920000,9,2560,12800,220928,12800,86304,12800,81408,12800,81248,12800,14400,12800,13344,11200
940000,1
920000,15,2560,128000,220928,128000,86304,128000,81408,128000,81248,128000,14400,128000,13344,13344
940000,1
920000,17,2560,256000,220928,256000,86304,256000,81408,256000,81248,256000,14400,256000,13344,13344
940000,1
920001,18,"0",2560,160,2045792,160,381632,160,416,160,32,160,25600,160,416,160
940000,1
920001,19,"0",2560,760,2045792,438,381632,438,416,416,32,160,25600,438,416,416
940000,1
920001,24,"0",2560,2560,2045792,14733,381632,3657,416,416,32,160,25600,3657,416,416
940000,1
920001,30,"0",2560,2560,2045792,190274,381632,36571,416,416,32,160,25600,25600,416,416
940000,1
920001,33,"0",2560,2560,2045792,673016,381632,117028,416,416,32,160,25600,25600,416,416
940000,1
920001,34,"0",2560,2560,2045792,1024100,381632,175542,416,416,32,160,25600,25600,416,416
940000,1
920001,35,"0",2560,2560,2045792,1550732,381632,263314,416,416,32,160,25600,25600,416,416
940000,1
920001,36,"0",2560,2560,2045792,2045792,381632,381632,416,416,32,160,25600,25600,416,416
940000,1
920001,37,"1",2560,160,2045792,160,381632,160,416,160,32,160,25600,160,416,160
940000,1
920001,38,"1",2560,760,2045792,438,381632,438,416,416,32,160,25600,438,416,416
940000,1
920001,43,"1",2560,2560,2045792,14733,381632,3657,416,416,32,160,25600,3657,416,416
940000,1
920001,49,"1",2560,2560,2045792,190274,381632,36571,416,416,32,160,25600,25600,416,416
940000,1
920001,52,"1",2560,2560,2045792,673016,381632,117028,416,416,32,160,25600,25600,416,416
940000,1
920001,53,"1",2560,2560,2045792,1024100,381632,175542,416,416,32,160,25600,25600,416,416
940000,1
920001,54,"1",2560,2560,2045792,1550732,381632,263314,416,416,32,160,25600,25600,416,416
940000,1
920001,55,"1",2560,2560,2045792,2045792,381632,381632,416,416,32,160,25600,25600,416,416
940000,1
920002,57,"0",2560,320,2045792,320,381632,320,416,320,32,320,25600,320,416,320
940000,1
920003,60,"0",2560,2560,2045792,3072,381632,3072,416,416,32,160,25600,3072,416,416
940000,1
920003,65,"0",2560,2560,2045792,2560,381632,2045792,416,416,32,160,25600,2045792,416,416
940000,1
920005,71,"0",2560,2560,2045792,2560,381632,2045792,416,416,32,160,25600,25600,416,416
940000,1
920006,74,"0",2560,2560,2045792,2560,381632,381632,416,416,32,160,25600,25600,416,416
940000,1
920006,76,"0",2560,2560,2045792,2560,381632,381632,416,416,32,160,25600,25600,416,416
940000,1
920001,77,"0",2560,2560,2045792,2045792,381632,381632,416,416,32,160,25600,25600,416,416
940000,1
920002,79,"1",2560,320,2045792,320,381632,320,416,320,32,320,25600,320,416,320
940000,1
920003,82,"1",2560,2560,2045792,3072,381632,3072,416,416,32,160,25600,3072,416,416
940000,1
920003,87,"1",2560,2560,2045792,2560,381632,2045792,416,416,32,160,25600,2045792,416,416
940000,1
920005,93,"1",2560,2560,2045792,2560,381632,2045792,416,416,32,160,25600,25600,416,416
940000,1
920006,96,"1",2560,2560,2045792,2560,381632,381632,416,416,32,160,25600,25600,416,416
940000,1
920006,98,"1",2560,2560,2045792,2560,381632,381632,416,416,32,160,25600,25600,416,416
940000,1
920001,99,"1",2560,2560,2045792,2045792,381632,381632,416,416,32,160,25600,25600,416,416
940000,1
930000,102,18464,560,2492864,560,2492864,560,2492864,560,2363008,560,2492832,560
940000,1
930000,105,18464,5120,2492864,5120,2492864,5120,2492864,5120,2363008,5120,2492832,5120
940000,1
930000,112,18464,61440,2492864,61440,2492864,61440,2492864,61440,2363008,61440,2492832,61440
940000,1
930000,115,18464,512000,2492864,512000,2492864,512000,2492864,512000,2363008,512000,2492832,512000
940000,1
930000,119,18464,1536000,2492864,1536000,2492864,1536000,2492864,1536000,2363008,1536000,2492832,1536000
940000,1
930000,122,18464,2304000,2492864,2304000,2492864,2304000,2492864,2304000,2363008,2304000,2492832,2304000
940000,1
930000,123,18464,2816000,2492864,2816000,2492864,2816000,2492864,2816000,2363008,2816000,2492832,2816000
940000,1
930001,125,"0",18464,224,3364224,224,3364224,224,25600,224,416,224,4838912,224
940000,1
930001,128,"0",18464,3680,3364224,2048,3364224,2048,25600,2048,416,416,4838912,2048
940000,1
930001,135,"0",18464,18464,3364224,54848,3364224,11840,25600,24576,416,416,4838912,24576
940000,1
930001,138,"0",18464,18464,3364224,774720,3364224,11840,25600,25600,416,416,4838912,204800
940000,1
930001,142,"0",18464,18464,3364224,2413120,3364224,11840,25600,25600,416,416,4838912,614400
940000,1
930001,145,"0",18464,18464,3364224,3364224,3364224,11840,25600,25600,416,416,4838912,1199296
940000,1
930001,147,"0",18464,18464,3364224,3364224,3364224,11840,25600,25600,416,416,4838912,3247296
940000,1
930001,149,"0",18464,18464,3364224,3364224,3364224,11840,25600,25600,416,416,4838912,4838912
940000,1
930001,151,"1",18464,224,3364224,224,3364224,224,25600,224,416,224,4838912,224
940000,1
930001,154,"1",18464,3680,3364224,2048,3364224,2048,25600,2048,416,416,4838912,2048
940000,1
930001,161,"1",18464,18464,3364224,54848,3364224,11840,25600,24576,416,416,4838912,24576
940000,1
930001,164,"1",18464,18464,3364224,774720,3364224,11840,25600,25600,416,416,4838912,204800
940000,1
930001,168,"1",18464,18464,3364224,2413120,3364224,11840,25600,25600,416,416,4838912,614400
940000,1
930001,171,"1",18464,18464,3364224,3364224,3364224,11840,25600,25600,416,416,4838912,1199296
940000,1
930001,173,"1",18464,18464,3364224,3364224,3364224,11840,25600,25600,416,416,4838912,3247296
940000,1
930001,175,"1",18464,18464,3364224,3364224,3364224,11840,25600,25600,416,416,4838912,4838912
940000,1
930002,179,"0",18464,1120,3364224,1120,3364224,1120,25600,1120,416,416,4838912,1120
940000,1
930002,182,"0",18464,10240,3364224,10240,3364224,10240,25600,10240,416,416,4838912,25600
940000,1
930003,189,"0",18464,18464,3364224,18464,3364224,18464,25600,25600,416,416,4838912,25600
940000,1
930003,192,"0",18464,18464,3364224,18464,3364224,18464,25600,25600,416,416,4838912,25600
940000,1
930003,196,"0",18464,18464,3364224,18464,3364224,18464,25600,25600,416,416,4838912,25600
940000,1
930006,199,"0",18464,18464,3364224,3364224,3364224,3364224,25600,25600,416,416,4838912,25600
940000,1
930006,201,"0",18464,18464,3364224,3364224,3364224,3364224,25600,25600,416,416,4838912,4838912
940000,1
930001,203,"0",18464,18464,3364224,3364224,3364224,3364224,25600,25600,416,416,4838912,4838912
940000,1
930002,207,"1",18464,1120,3364224,1120,3364224,1120,25600,1120,416,416,4838912,1120
940000,1
930002,210,"1",18464,10240,3364224,10240,3364224,10240,25600,10240,416,416,4838912,25600
940000,1
930003,217,"1",18464,18464,3364224,18464,3364224,18464,25600,25600,416,416,4838912,25600
940000,1
930003,224,"1",18464,18464,3364224,18464,3364224,18464,25600,25600,416,416,4838912,25600
940000,1
930006,227,"1",18464,18464,3364224,3364224,3364224,3364224,25600,25600,416,416,4838912,25600
940000,1
930006,229,"1",18464,18464,3364224,3364224,3364224,3364224,25600,25600,416,416,4838912,4838912
940000,1
930001,231,"1",18464,18464,3364224,3364224,3364224,3364224,25600,25600,416,416,4838912,4838912
940000,1
920012,232,"0",2560,160,2045792,160,381632,160,416,160,32,160,25600,160,416,160
940000,1
920012,233,"0",2560,439,2045792,439,381632,439,416,439,32,439,25600,439,416,439
940000,1
920012,238,"0",2560,3657,2045792,3657,381632,3657,416,3657,32,3657,25600,3657,416,3657
940000,1
920012,244,"0",2560,36571,2045792,36571,381632,36571,416,36571,32,36571,25600,36571,416,36571
940000,1
920012,247,"0",2560,117029,2045792,117029,381632,117029,416,117029,32,117029,25600,117029,416,117029
940000,1
920012,248,"0",2560,175543,2045792,175543,381632,175543,416,175543,32,175543,25600,175543,416,175543
940000,1
920012,249,"0",2560,263314,2045792,263314,381632,263314,416,263314,32,263314,25600,263314,416,263314
940000,1
920012,250,"0",2560,365714,2045792,365714,381632,365714,416,365714,32,365714,25600,365714,416,365714
940000,1
930007,252,"0",18464,224,3364224,224,3364224,224,25600,224,416,224,4838912,224
940000,1
930007,255,"0",18464,2048,3364224,2048,3364224,2048,25600,2048,416,2048,4838912,2048
940000,1
930007,262,"0",18464,24576,3364224,24576,3364224,24576,25600,24576,416,24576,4838912,24576
940000,1
930007,265,"0",18464,204800,3364224,204800,3364224,204800,25600,204800,416,204800,4838912,204800
940000,1
930007,269,"0",18464,614400,3364224,614400,3364224,614400,25600,614400,416,614400,4838912,614400
940000,1
930007,272,"0",18464,921600,3364224,921600,3364224,921600,25600,921600,416,921600,4838912,921600
940000,1
930007,274,"0",18464,1331200,3364224,1331200,3364224,1331200,25600,1331200,416,1331200,4838912,1331200
940000,1
930007,276,"0",18464,1740800,3364224,1740800,3364224,1740800,25600,1740800,416,1740800,4838912,1740800
