0,1
99999,1,"1024MB",2,2
0,1
100000,1,"1024MB",3,3
0,1
100001,1,"1024MB",4,4
0,1
100002,1,"1024MB",5,5
0,1
100003,1,"1024MB",6,6
0,1
100004,1,"1024MB",7,7
0,1
100005,1,"1024MB",8,8
0,1
100006,1,"1024MB",9,9
0,1
200001,1,"1024MB",3,3
0,1
200002,1,"1024MB",4,4
0,1
200003,1,"1024MB",5,5
0,1
200004,1,"1024MB",6,6
0,1
200005,1,"1024MB",7,7
0,1
200006,1,"1024MB",8,8
0,1
200007,1,"1024MB",9,9
0,1
300000,1,"1024MB",2,2
0,1
300001,1,"1024MB",3,3
0,1
300002,1,"1024MB",4,4
0,1
300003,1,"1024MB",5,5
0,1
300004,1,"1024MB",6,6
0,1
300005,1,"1024MB",7,7
0,1
300006,1,"1024MB",8,8
0,1
300007,1,"1024MB",9,9